      09281452 00051             0                9964603589 2609                                     00 001001008
      09281452 00052             0                  22932311 2708                                     00 001001010
      09281452 00029             0                9663760220 2796                                     00 001001006
      09281452 00000      CJ                            2810 2822                                     00      2810
      09281452 00000      CJ                            2913 2653                                     00      2913
      09281452 00000      CI                            2790 9673997923                               00      2790
      09281453 00021      J                             2556 2969                                     00      2556
      09281453 00000      CJ                            2943 2016                                     00      2943
      09281453 00031             0                9972915338 2952                                     00 001001001
      09281453 00034      FJ                               9 2820                                     00      2016
      09281453 00017      NJ                            2752 2878                                     00      2936
      09281453 00006      J                             2620 2633                                     00      2620
      09281453 00143      I                             2779 918792719716                             00      2779
      09281453 00110      I                             2756 919844134480                             00      2756
      09281453 01202             0                9980297723 2799                                     00 001001013
      09281453 00000      CO     0                  67178873 2756                                     00 001001001
      09281453 00007      J                             2721 2879                                     00      2721
      09281454 00000      CJ                            2943 2820                                     00      2943
      09281452 00051             0                9964603589 2609                                     00 001001008
      09281452 00052             0                  22932311 2708                                     00 001001010
      09281452 00029             0                9663760220 2796                                     00 001001006
      09281452 00000      CJ                            2810 2822                                     00      2810
      09281452 00000      CJ                            2913 2653                                     00      2913
      09281452 00000      CI                            2790 9673997923                               00      2790
      09281453 00021      J                             2556 2969                                     00      2556
      09281453 00000      CJ                            2943 2016                                     00      2943
      09281453 00031             0                9972915338 2952                                     00 001001001
      09281453 00034      FJ                               9 2820                                     00      2016
      09281453 00017      NJ                            2752 2878                                     00      2936
      09281453 00006      J                             2620 2633                                     00      2620
      09281453 00143      I                             2779 918792719716                             00      2779
      09281453 00110      I                             2756 919844134480                             00      2756
      09281453 01202             0                9980297723 2799                                     00 001001013
      09281453 00000      CO     0                  67178873 2756                                     00 001001001
      09281453 00007      J                             2721 2879                                     00      2721
      09281454 00000      CJ                            2943 2820                                     00      2943
      01081224 00326      J                             2900 2833                                     00      2900
      01081224 00000      CI                            2840 8023611836                               00      2840
      01081224 00024      J                             2983 2775                                     00      2983
      01081225 00129      J                             2898 2777                                     00      2898
      01081225 00226             0                7760349764 2609                                     00 001001001
      01081225 00135      J                             2580 2973                                     00      2580
      01081225 00007      DI                            2830 8023611836                               00      2605
      01081225 00000      CO     0                  23360149 2821                                     00 001001002
      01081225 00027             0                  42067773 2752                                     00 001001007
      01081225 00024             0                9686531333 2682                                     00 001001006
      01081225 00024             0                9686531333 2682                                     00 001001006
      01081225 00000      CO     0                9901585402 2981                                     00 001001002
      01081226 00106      J                             2972 2775                                     00      2972
      01081226 00015             0                9986185871 2841                                     00 001001006
      01081226 00035      J                             2556 2716                                     00      2556
      01081226 00022             0                9902247460 2875                                     00 001001007
      01081226 00013      J                             2841 2777                                     00      2841
      01081226 00125             0                9448287706 2609                                     00 001001001
      01081226 00026      FJ                               9 2821                                     00      2016
      01081227 00000      CO     0                7760349764 2609                                     00 001001006
      01081227 00000      CO     0                7760349764 2609                                     00 001001006
      01081227 01444      T      0                9591325380 2990                                     00 001001008
      01081227 01310      L      0                9945952382 2990                                     00 001001005
      01081227 00139             0                9901585402 2981                                     00 001001002
      01081227 00023             0                9880669944 2821                                     00 001001001
      01081227 00016      FJ                               9 2777                                     00      2749
      01081227 00231      J                             2987 2833                                     00      2987
      01081227 00007      DI                            2756 8032479561                               00      2607
      01081228 00010      J                             2773 2772                                     00      2773
      01081228 00124      J                             2973 2762                                     00      2973
      01081228 00026      NI                            2752 8023611836                               00      2752
      01081228 00017      J                             2986 2777                                     00      2986
      01081228 00048      J                             2972 2875                                     00      2972
      01081228 00018      J                             2809 2945                                     00      2809
      01081228 00012      J                             2721 2998                                     00      2721
      01081228 00027             0                9844342631 2872                                     00 001001001
      01081229 00133             0                7760349764 2609                                     00 001001006
      01081229 00000      CO     0                  23566105 2821                                     00 001001001
      01081229 00000      CI                            2770 8041136776                               00      2770
      01081229 00012      I                             2823 9341901433                               00      2823
      01081229 00000      J                             2977 2875                                     00      2977
      01081229 00006      J                             2620 2721                                     00      2620
      01081229 00000      CJ                            2712 2776                                     00      2712
      01081229 00000      CO     0                9738509186 2872                                     00 001001001
      01081229 00054      J                             2668 2799                                     00      2668
      01081229 00017      J                             2973 2777                                     00      2973
      01081229 00000      CO     0                     81050 2713                                     00 001001011
      01081229 00027      J                             2972 2971                                     00      2972
      01081229 00116             0                9986152234 2752                                     00 001001002
      01081229 00000      CO     0                           2713                                     00 001001011
      01081229 00036      I                             2804 9880669944                               00      2804
      01081229 00015      NJ                            2752 2935                                     00      2936
      01081230 00008      J                             2770 2769                                     00      2770
      01081230 00000      CO     0                9035199946 2872                                     00 001001010
      01081230 00011             0                9743452614 2776                                     00 001001001
      01081230 00030             0                9880307662 2821                                     00 001001008
      01081230 00037             0                9448419179 2896                                     00 001001005
      01081230 00000      CI                            2823 9972704931                               00      2823
      01081230 00015      J                             2773 2761                                     00      2773
      01081230 00005      DI                            2878 8022932960                               00      2608
      01081230 00007             0                9844342631 2760                                     00 001001002
      01081230 00005      DJ                            2969 2678                                     00      2606
      01081230 00047      J                             2875 2977                                     00      2875
      01081231 00257      J                             2572 2838                                     00      2572
      01081231 00018      J                             2936 2977                                     00      2936
      01081231 00020      J                             2678 2964                                     00      2678
      01081231 00007      J                             2660 2795                                     00      2660
      01081231 00107      I                             2821 9880669944                               00      2821
      01081231 00155             0                9844409308 2778                                     00 001001006
      01081231 00019      NJ                            2924 2613                                     00      2924
      01081231 00000      CJ                            2943 2016                                     00      2943
      01081231 00018      J                             2875 2977                                     00      2875
      01081231 00030      J                             2631 2805                                     00      2631
      01081231 00000      CJ                            2988 2016                                     00      2988
      01081231 00029      FJ                               9 2794                                     00      2016
      01081231 00224             0                9620293508 2609                                     00 001001007
      01081232 00048      I                             2620 9482952573                               00      2620
      01081232 00000      CJ                            2808 2572                                     00      2808
      01081232 00000      FC                               9 2982                                     00      2749
      01081232 00000      CJ                            2751 2864                                     00      2751
      01081232 00000      CI     0                8023576907 2825                                     00 001001002
      01081232 00119             0                9900047790 2825                                     00 001001001
      01081233 00000      CO     0                9902247460 2875                                     00 001001002
      01081233 00032      NJ                            2613 2864                                     00      2613
      01081233 00036      J                             2780 2982                                     00      2780
      01081233 00000      CO     0                9902247460 2875                                     00 001001002
      01081233 00000      CO     0                   9902247 2875                                     00 001001002
      01081233 00053      NI                            2799 9343838005                               00      2799
      01081233 00000      CJ                            2977 2875                                     00      2977
      01081233 00130      J                             2779 2593                                     00      2779
      01081233 00000      CJ                            2712 2865                                     00      2712
      01081234 00015      J                             2712 2865                                     00      2712
      01081234 00355      I                             2823 9481289433                               00      2823
      01081234 00021      J                             2932 2826                                     00      2932
      01081234 00017      NJ                            2799 2775                                     00      2799
      01081234 00029             0                9449084282 2780                                     00 001001007
      01081234 00008      NJ                            2613 2712                                     00 535990990
      01081234 00139      J                             2838 2572                                     00      2838
      01081235 00004      J                             2838 2572                                     00      2838
      01081235 00143             0                9686531333 2682                                     00 001001006
      01081235 00000      CO     0                8884407086 2966                                     00 001001007
      01081235 00000      CO     0                  22192317 2966                                     00 001001006
      01081235 00000      CO     0                8884407086 2966                                     00 001001006
      01081235 00244             0                  23576907 2825                                     00 001001005
      01081235 00000      CO     0                9789071280 2790                                     00 001001006
      01081236 00000      CO     0                8884407086 2966                                     00 001001005
      01081236 00004      J                             2836 2896                                     00      2836
      01081236 00000      CO     0                9902247460 2875                                     00 001001005
      01081236 00000      CJ                            2977 2875                                     00      2977
      01081236 00025      I                             2979 9591812619                               00      2979
      01081236 00231             0                7353859099 2672                                     00 001001008
      01081236 00058      J                             2771 2712                                     00      2771
      01081236 00134             0               09910061740 2751                                     00 001001002
      01081236 00016             0                9663247291 2903                                     00 001001006
      01081236 00007      NJ                            2613 2924                                     00 535990990
      01081236 00006      J                             2875 2977                                     00      2875
      01081236 00343             0                7204842044 2720                                     00 001001001
      01081237 00014             0                9243103988 2877                                     00 001001002
      01081237 00007      J                             2987 2924                                     00      2987
      01081237 00000      CJ                            2943 2016                                     00      2943
      01081237 00010      J                             2843 2987                                     00      2843
      01081237 00100             0                9845175551 2966                                     00 001001007
      01081238 00031      J                             2966 2699                                     00      2966
      01081238 00015      J                             2712 2959                                     00      2712
      01081238 00015      J                             2777 2973                                     00      2777
      01081238 00000      CO     0                9743508564 2966                                     00 001001002
      01081239 00015      NJ                            2924 2712                                     00 945113741
      01081239 00018             0                9901030738 2848                                     00 001001005
      01081239 00916      I                             2898 8022932960                               00      2898
      01081240 00550      J                             2900 2752                                     00      2900
      01081240 00006      NJ                            2752 2751                                     00      2752
      01081240 00000      CJ                            2864 2749                                     00      2864
      01081240 00010      FI                            2749 9449088462                               00      2749
      01081240 00009      J                             2915 2653                                     00      2915
      01081241 00133             0                9845175551 2699                                     00 001001002
      01081241 00028      I                             2761 9448867705                               00      2761
      01081241 00010      J                             2800 2775                                     00      2800
      01081227 00007      DI                            2756 2478                                     00      2887