 06271533 00133        2973 2810      
 06271533 01065    42067773 2810      
 06271533 00000        2556 2810       06271534 00005        2810 99022478  
 06271534 10155        2810 23566105  
 06271534 11194        2810 23566105  
 06271534 10078        2810 23566105  
 06271534 01091        2810 2556       06272223 10053        2810 2556       07070809 01089        2810 2716      
 07070809 01185        2810 7760349764 07070810 00071        2810 99022478  
 07070810 00099        2810 9902247460
 07070810 10122        2810 2556      
 07070810 11158        2810 9448287706
 07070810 01190        2810 22192317  
 07070810 10021        2810 9448287706
 07070810 10151        2810 7760349764 07070810 11114        2810 22192317  
 07070810 00159        2810 2556       01081154 01037        2810 22192317  
 01081154 11121        2810 23566105  
 04072310 10078        2810 99022478  
 04072310 01010        2810 22192317  
 04072315 10172        2810 9902247460
 04072316 10045        2810 9448287706
 04072316 10135        2810 23566105  
 04072316 00167        2810 2556      
 04072319 10093        2810 9902247460
 04072320 00005        2810 2973      
 04072320 11049        2810 9902247460
 04072320 11092        2810 2580      
 04072320 11122        2810 99022478  
 04072320 00196        2810 23566105  
 04072320 01194        2810 7760349764
 04072331 11181        2810 9902247460
 04101127 11004        2810 2580      
 04101127 01132        2810 2716      