 06271533 00064        2913 7760349764
 06271534 00155        2913 23566105  
 06271534 11062        2913 23566105  
 07070809 00167        2913 2973      
 07070809 10134        2913 2716      
 07070809 01131        2913 99022478  
 07070809 10113        2913 2973      
 07070809 10052        2913 7760349764
 07070809 01129        2913 22192317  
 07070809 00071        2913 9448287706
 07070809 11036        2913 2973      
 07070809 01096        2913 7760349764
 07070810 00153        2913 99022478  
 07070810 11178        2913 9448287706
 07070810 00076        2913 7760349764
 07070810 10053        2913 7760349764
 07070810 10145        2913 22192317  
 07070810 00119        2913 7760349764
 07070810 01197        2913 23566105  
 07070810 11174        2913 7760349764
 01081154 00097        2913 9902247460
 01081154 10150        2913 2973      
 04072310 10133        2913 9448287706
 04072315 11023        2913 2580      
 04072316 11180        2913 2580      
 04072319 01099        2913 9448287706
 04072320 10028        2913 2716      
 04072323 11028        2913 23566105  
 04072336 10069        2556 2913      